# generated by Slic3r 1.2.0 on Wed Aug 20 20:17:04 2014
bed_shape = 79.5618x8.36228,78.2518x16.6329,76.0845x24.7214,73.0836x32.5389,69.282x40,64.7214x47.0228,59.4516x53.5304,53.5304x59.4516,47.0228x64.7214,40x69.282,32.5389x73.0836,24.7214x76.0845,16.6329x78.2518,8.36228x79.5618,0x80,-8.36228x79.5618,-16.6329x78.2518,-24.7214x76.0845,-32.5389x73.0836,-40x69.282,-47.0228x64.7214,-53.5304x59.4516,-59.4516x53.5304,-64.7214x47.0228,-69.282x40,-73.0836x32.5389,-76.0845x24.7214,-78.2518x16.6329,-79.5618x8.36228,-80x0,-79.5618x-8.36228,-78.2518x-16.6329,-76.0845x-24.7214,-73.0836x-32.5389,-69.282x-40,-64.7214x-47.0228,-59.4516x-53.5304,-53.5304x-59.4516,-47.0228x-64.7214,-40x-69.282,-32.5389x-73.0836,-24.7214x-76.0845,-16.6329x-78.2518,-8.36228x-79.5618,0x-80,8.36228x-79.5618,16.6329x-78.2518,24.7214x-76.0845,32.5389x-73.0836,40x-69.282,47.0228x-64.7214,53.5304x-59.4516,59.4516x-53.5304,64.7214x-47.0228,69.282x-40,73.0836x-32.5389,76.0845x-24.7214,78.2518x-16.6329,79.5618x-8.36228,80x0
end_gcode = G92 E0 ; reset extruder\nG1 E-1 F1200 ; retract extruder by 1mm\nM104 S0 ; turn off extruder\nG28 ; home all axes\nM84 ; disable motors\nM84 S60 ; set deactivation time to 60s 
extruder_offset = 0x0
gcode_flavor = reprap
layer_gcode = 
nozzle_diameter = 0.4
retract_before_travel = 2
retract_layer_change = 0
retract_length = 4
retract_length_toolchange = 1.1
retract_lift = 1
retract_restart_extra = 0
retract_restart_extra_toolchange = 0
retract_speed = 30
start_gcode = M220 S100\nM84 S0; disable motor deactivation\nG28 ; home all axes\n; G29 ; probe bed\nG92 E0 ; reset extruder\nG0 Z1 F10000 ; parki\nG0 X40 Y40 F10000\nG1 Z0.05 F1000\n; G1 E3 F1200 ; prime extruder by 3mm\n; G1 E2 F1200 ; retract extruder by 1mm\nG92 E0
toolchange_gcode = 
use_firmware_retraction = 0
use_relative_e_distances = 0
vibration_limit = 0
wipe = 1
z_offset = 0
